# oST version 5.0 parameters

[image]

width
640

height
480

[camera]

camera matrix
628.2131958007812 0.0 321.17022705078125
0.0 634.2545166015625 244.69683837890625
0.0 0.0 1.0

distortion
-0.07658815383911133 0.03904685750603676 -0.0006405964959412813 0.0011796025792136788 0.0

rectification
1.000000 0.000000 0.000000
0.000000 1.000000 0.000000
0.000000 0.000000 1.000000

projection
628.2131958007812 0.0 321.17022705078125 0.0
0.0 634.2545166015625 244.69683837890625 0.0
0.0 0.0 1.0 0.0
