%YAML:1.0
aruco_bc_nmarkers: 150
aruco_bc_mInfoType: 1
aruco_bc_markers:
   - { id:9, corners:[ [ 0.11, 0, 0 ], [ 0.11, 0.11, 0 ],
     [ 0, 0.11, 0 ], [ 0, 0, 0 ] ] }
   - { id:8, corners:[ [ 0.11, 0.16, 0 ], [ 0.11, 0.27, 0 ],
     [ 0, 0.27, 0 ], [ 0, 0.16, 0 ] ] }
   - { id:7, corners:[ [ 0.11, 0.32, 0 ], [ 0.11, 0.43, 0 ],
     [ 0, 0.43, 0 ], [ 0, 0.32, 0 ] ] }
   - { id:6, corners:[ [ 0.11, 0.48, 0 ], [ 0.11, 0.59, 0 ],
     [ 0, 0.59, 0 ], [ 0, 0.48, 0 ] ] }
   - { id:5, corners:[ [ 0.11, 0.64, 0 ], [ 0.11, 0.75, 0 ],
     [ 0, 0.75, 0 ], [ 0, 0.64, 0 ] ] }
   - { id:4, corners:[ [ 0.11, 0.8, 0 ], [ 0.11, 0.91, 0 ],
     [ 0, 0.91, 0 ], [ 0, 0.8, 0 ] ] }
   - { id:3, corners:[ [ 0.11, 0.96, 0 ], [ 0.11, 1.07, 0 ],
     [ 0, 1.07, 0 ], [ 0, 0.96, 0 ] ] }
   - { id:2, corners:[ [ 0.11, 1.12, 0 ], [ 0.11, 1.23, 0 ],
     [ 0, 1.23, 0 ], [ 0, 1.12, 0 ] ] }
   - { id:1, corners:[ [ 0.11, 1.28, 0 ], [ 0.11, 1.39, 0 ],
     [ 0, 1.39, 0 ], [ 0, 1.28, 0 ] ] }
   - { id:0, corners:[ [ 0.11, 1.44, 0 ], [ 0.11, 1.55, 0 ],
     [ 0, 1.55, 0 ], [ 0, 1.44, 0 ] ] }
   - { id:19, corners:[ [ 0.27, 0, 0 ], [ 0.27, 0.11, 0 ],
     [ 0.16, 0.11, 0 ], [ 0.16, 0, 0 ] ] }
   - { id:18, corners:[ [ 0.27, 0.16, 0 ], [ 0.27, 0.27, 0 ],
     [ 0.16, 0.27, 0 ], [ 0.16, 0.16, 0 ] ] }
   - { id:17, corners:[ [ 0.27, 0.32, 0 ], [ 0.27, 0.43, 0 ],
     [ 0.16, 0.43, 0 ], [ 0.16, 0.32, 0 ] ] }
   - { id:16, corners:[ [ 0.27, 0.48, 0 ], [ 0.27, 0.59, 0 ],
     [ 0.16, 0.59, 0 ], [ 0.16, 0.48, 0 ] ] }
   - { id:15, corners:[ [ 0.27, 0.64, 0 ], [ 0.27, 0.75, 0 ],
     [ 0.16, 0.75, 0 ], [ 0.16, 0.64, 0 ] ] }
   - { id:14, corners:[ [ 0.27, 0.8, 0 ], [ 0.27, 0.91, 0 ],
     [ 0.16, 0.91, 0 ], [ 0.16, 0.8, 0 ] ] }
   - { id:13, corners:[ [ 0.27, 0.96, 0 ], [ 0.27, 1.07, 0 ],
     [ 0.16, 1.07, 0 ], [ 0.16, 0.96, 0 ] ] }
   - { id:12, corners:[ [ 0.27, 1.12, 0 ], [ 0.27, 1.23, 0 ],
     [ 0.16, 1.23, 0 ], [ 0.16, 1.12, 0 ] ] }
   - { id:11, corners:[ [ 0.27, 1.28, 0 ], [ 0.27, 1.39, 0 ],
     [ 0.16, 1.39, 0 ], [ 0.16, 1.28, 0 ] ] }
   - { id:10, corners:[ [ 0.27, 1.44, 0 ], [ 0.27, 1.55, 0 ],
     [ 0.16, 1.55, 0 ], [ 0.16, 1.44, 0 ] ] }
   - { id:29, corners:[ [ 0.43, 0, 0 ], [ 0.43, 0.11, 0 ],
     [ 0.32, 0.11, 0 ], [ 0.32, 0, 0 ] ] }
   - { id:28, corners:[ [ 0.43, 0.16, 0 ], [ 0.43, 0.27, 0 ],
     [ 0.32, 0.27, 0 ], [ 0.32, 0.16, 0 ] ] }
   - { id:27, corners:[ [ 0.43, 0.32, 0 ], [ 0.43, 0.43, 0 ],
     [ 0.32, 0.43, 0 ], [ 0.32, 0.32, 0 ] ] }
   - { id:26, corners:[ [ 0.43, 0.48, 0 ], [ 0.43, 0.59, 0 ],
     [ 0.32, 0.59, 0 ], [ 0.32, 0.48, 0 ] ] }
   - { id:25, corners:[ [ 0.43, 0.64, 0 ], [ 0.43, 0.75, 0 ],
     [ 0.32, 0.75, 0 ], [ 0.32, 0.64, 0 ] ] }
   - { id:24, corners:[ [ 0.43, 0.8, 0 ], [ 0.43, 0.91, 0 ],
     [ 0.32, 0.91, 0 ], [ 0.32, 0.8, 0 ] ] }
   - { id:23, corners:[ [ 0.43, 0.96, 0 ], [ 0.43, 1.07, 0 ],
     [ 0.32, 1.07, 0 ], [ 0.32, 0.96, 0 ] ] }
   - { id:22, corners:[ [ 0.43, 1.12, 0 ], [ 0.43, 1.23, 0 ],
     [ 0.32, 1.23, 0 ], [ 0.32, 1.12, 0 ] ] }
   - { id:21, corners:[ [ 0.43, 1.28, 0 ], [ 0.43, 1.39, 0 ],
     [ 0.32, 1.39, 0 ], [ 0.32, 1.28, 0 ] ] }
   - { id:20, corners:[ [ 0.43, 1.44, 0 ], [ 0.43, 1.55, 0 ],
     [ 0.32, 1.55, 0 ], [ 0.32, 1.44, 0 ] ] }
   - { id:39, corners:[ [ 0.59, 0, 0 ], [ 0.59, 0.11, 0 ],
     [ 0.48, 0.11, 0 ], [ 0.48, 0, 0 ] ] }
   - { id:38, corners:[ [ 0.59, 0.16, 0 ], [ 0.59, 0.27, 0 ],
     [ 0.48, 0.27, 0 ], [ 0.48, 0.16, 0 ] ] }
   - { id:37, corners:[ [ 0.59, 0.32, 0 ], [ 0.59, 0.43, 0 ],
     [ 0.48, 0.43, 0 ], [ 0.48, 0.32, 0 ] ] }
   - { id:36, corners:[ [ 0.59, 0.48, 0 ], [ 0.59, 0.59, 0 ],
     [ 0.48, 0.59, 0 ], [ 0.48, 0.48, 0 ] ] }
   - { id:35, corners:[ [ 0.59, 0.64, 0 ], [ 0.59, 0.75, 0 ],
     [ 0.48, 0.75, 0 ], [ 0.48, 0.64, 0 ] ] }
   - { id:34, corners:[ [ 0.59, 0.8, 0 ], [ 0.59, 0.91, 0 ],
     [ 0.48, 0.91, 0 ], [ 0.48, 0.8, 0 ] ] }
   - { id:33, corners:[ [ 0.59, 0.96, 0 ], [ 0.59, 1.07, 0 ],
     [ 0.48, 1.07, 0 ], [ 0.48, 0.96, 0 ] ] }
   - { id:32, corners:[ [ 0.59, 1.12, 0 ], [ 0.59, 1.23, 0 ],
     [ 0.48, 1.23, 0 ], [ 0.48, 1.12, 0 ] ] }
   - { id:31, corners:[ [ 0.59, 1.28, 0 ], [ 0.59, 1.39, 0 ],
     [ 0.48, 1.39, 0 ], [ 0.48, 1.28, 0 ] ] }
   - { id:30, corners:[ [ 0.59, 1.44, 0 ], [ 0.59, 1.55, 0 ],
     [ 0.48, 1.55, 0 ], [ 0.48, 1.44, 0 ] ] }
   - { id:49, corners:[ [ 0.75, 0, 0 ], [ 0.75, 0.11, 0 ],
     [ 0.64, 0.11, 0 ], [ 0.64, 0, 0 ] ] }
   - { id:48, corners:[ [ 0.75, 0.16, 0 ], [ 0.75, 0.27, 0 ],
     [ 0.64, 0.27, 0 ], [ 0.64, 0.16, 0 ] ] }
   - { id:47, corners:[ [ 0.75, 0.32, 0 ], [ 0.75, 0.43, 0 ],
     [ 0.64, 0.43, 0 ], [ 0.64, 0.32, 0 ] ] }
   - { id:46, corners:[ [ 0.75, 0.48, 0 ], [ 0.75, 0.59, 0 ],
     [ 0.64, 0.59, 0 ], [ 0.64, 0.48, 0 ] ] }
   - { id:45, corners:[ [ 0.75, 0.64, 0 ], [ 0.75, 0.75, 0 ],
     [ 0.64, 0.75, 0 ], [ 0.64, 0.64, 0 ] ] }
   - { id:44, corners:[ [ 0.75, 0.8, 0 ], [ 0.75, 0.91, 0 ],
     [ 0.64, 0.91, 0 ], [ 0.64, 0.8, 0 ] ] }
   - { id:43, corners:[ [ 0.75, 0.96, 0 ], [ 0.75, 1.07, 0 ],
     [ 0.64, 1.07, 0 ], [ 0.64, 0.96, 0 ] ] }
   - { id:42, corners:[ [ 0.75, 1.12, 0 ], [ 0.75, 1.23, 0 ],
     [ 0.64, 1.23, 0 ], [ 0.64, 1.12, 0 ] ] }
   - { id:41, corners:[ [ 0.75, 1.28, 0 ], [ 0.75, 1.39, 0 ],
     [ 0.64, 1.39, 0 ], [ 0.64, 1.28, 0 ] ] }
   - { id:40, corners:[ [ 0.75, 1.44, 0 ], [ 0.75, 1.55, 0 ],
     [ 0.64, 1.55, 0 ], [ 0.64, 1.44, 0 ] ] }
   - { id:59, corners:[ [ 0.91, 0, 0 ], [ 0.91, 0.11, 0 ],
     [ 0.8, 0.11, 0 ], [ 0.8, 0, 0 ] ] }
   - { id:58, corners:[ [ 0.91, 0.16, 0 ], [ 0.91, 0.27, 0 ],
     [ 0.8, 0.27, 0 ], [ 0.8, 0.16, 0 ] ] }
   - { id:57, corners:[ [ 0.91, 0.32, 0 ], [ 0.91, 0.43, 0 ],
     [ 0.8, 0.43, 0 ], [ 0.8, 0.32, 0 ] ] }
   - { id:56, corners:[ [ 0.91, 0.48, 0 ], [ 0.91, 0.59, 0 ],
     [ 0.8, 0.59, 0 ], [ 0.8, 0.48, 0 ] ] }
   - { id:55, corners:[ [ 0.91, 0.64, 0 ], [ 0.91, 0.75, 0 ],
     [ 0.8, 0.75, 0 ], [ 0.8, 0.64, 0 ] ] }
   - { id:54, corners:[ [ 0.91, 0.8, 0 ], [ 0.91, 0.91, 0 ],
     [ 0.8, 0.91, 0 ], [ 0.8, 0.8, 0 ] ] }
   - { id:53, corners:[ [ 0.91, 0.96, 0 ], [ 0.91, 1.07, 0 ],
     [ 0.8, 1.07, 0 ], [ 0.8, 0.96, 0 ] ] }
   - { id:52, corners:[ [ 0.91, 1.12, 0 ], [ 0.91, 1.23, 0 ],
     [ 0.8, 1.23, 0 ], [ 0.8, 1.12, 0 ] ] }
   - { id:51, corners:[ [ 0.91, 1.28, 0 ], [ 0.91, 1.39, 0 ],
     [ 0.8, 1.39, 0 ], [ 0.8, 1.28, 0 ] ] }
   - { id:50, corners:[ [ 0.91, 1.44, 0 ], [ 0.91, 1.55, 0 ],
     [ 0.8, 1.55, 0 ], [ 0.8, 1.44, 0 ] ] }
   - { id:69, corners:[ [ 1.07, 0, 0 ], [ 1.07, 0.11, 0 ],
     [ 0.96, 0.11, 0 ], [ 0.96, 0, 0 ] ] }
   - { id:68, corners:[ [ 1.07, 0.16, 0 ], [ 1.07, 0.27, 0 ],
     [ 0.96, 0.27, 0 ], [ 0.96, 0.16, 0 ] ] }
   - { id:67, corners:[ [ 1.07, 0.32, 0 ], [ 1.07, 0.43, 0 ],
     [ 0.96, 0.43, 0 ], [ 0.96, 0.32, 0 ] ] }
   - { id:66, corners:[ [ 1.07, 0.48, 0 ], [ 1.07, 0.59, 0 ],
     [ 0.96, 0.59, 0 ], [ 0.96, 0.48, 0 ] ] }
   - { id:65, corners:[ [ 1.07, 0.64, 0 ], [ 1.07, 0.75, 0 ],
     [ 0.96, 0.75, 0 ], [ 0.96, 0.64, 0 ] ] }
   - { id:64, corners:[ [ 1.07, 0.8, 0 ], [ 1.07, 0.91, 0 ],
     [ 0.96, 0.91, 0 ], [ 0.96, 0.8, 0 ] ] }
   - { id:63, corners:[ [ 1.07, 0.96, 0 ], [ 1.07, 1.07, 0 ],
     [ 0.96, 1.07, 0 ], [ 0.96, 0.96, 0 ] ] }
   - { id:62, corners:[ [ 1.07, 1.12, 0 ], [ 1.07, 1.23, 0 ],
     [ 0.96, 1.23, 0 ], [ 0.96, 1.12, 0 ] ] }
   - { id:61, corners:[ [ 1.07, 1.28, 0 ], [ 1.07, 1.39, 0 ],
     [ 0.96, 1.39, 0 ], [ 0.96, 1.28, 0 ] ] }
   - { id:60, corners:[ [ 1.07, 1.44, 0 ], [ 1.07, 1.55, 0 ],
     [ 0.96, 1.55, 0 ], [ 0.96, 1.44, 0 ] ] }
   - { id:79, corners:[ [ 1.23, 0, 0 ], [ 1.23, 0.11, 0 ],
     [ 1.12, 0.11, 0 ], [ 1.12, 0, 0 ] ] }
   - { id:78, corners:[ [ 1.23, 0.16, 0 ], [ 1.23, 0.27, 0 ],
     [ 1.12, 0.27, 0 ], [ 1.12, 0.16, 0 ] ] }
   - { id:77, corners:[ [ 1.23, 0.32, 0 ], [ 1.23, 0.43, 0 ],
     [ 1.12, 0.43, 0 ], [ 1.12, 0.32, 0 ] ] }
