%YAML:1.0
aruco_bc_nmarkers: 24
aruco_bc_mInfoType: 0
aruco_bc_markers:
   - { id:6, corners:[ [ -230., -350., 0. ], [ -130., -350., 0. ], [
       -130., -250., 0. ], [ -230., -250., 0. ] ] }
   - { id:5, corners:[ [ -110., -350., 0. ], [ -10., -350., 0. ], [
       -10., -250., 0. ], [ -110., -250., 0. ] ] }
   - { id:4, corners:[ [ 10., -350., 0. ], [ 110., -350., 0. ], [ 110.,
       -250., 0. ], [ 10., -250., 0. ] ] }
   - { id:3, corners:[ [ 130., -350., 0. ], [ 230., -350., 0. ], [
       230., -250., 0. ], [ 130., -250., 0. ] ] }
   - { id:15, corners:[ [ -230., -230., 0. ], [ -130., -230., 0. ], [
       -130., -130., 0. ], [ -230., -130., 0. ] ] }
   - { id:14, corners:[ [ -110., -230., 0. ], [ -10., -230., 0. ], [
       -10., -130., 0. ], [ -110., -130., 0. ] ] }
   - { id:13, corners:[ [ 10., -230., 0. ], [ 110., -230., 0. ], [ 110.,
       -130., 0. ], [ 10., -130., 0. ] ] }
   - { id:12, corners:[ [ 130., -230., 0. ], [ 230., -230., 0. ], [
       230., -130., 0. ], [ 130., -130., 0. ] ] }
   - { id:24, corners:[ [ -230., -110., 0. ], [ -130., -110., 0. ], [
       -130., -10., 0. ], [ -230., -10., 0. ] ] }
   - { id:23, corners:[ [ -110., -110., 0. ], [ -10., -110., 0. ], [
       -10., -10., 0. ], [ -110., -10., 0. ] ] }
   - { id:22, corners:[ [ 10., -110., 0. ], [ 110., -110., 0. ], [ 110.,
       -10., 0. ], [ 10., -10., 0. ] ] }
   - { id:21, corners:[ [ 130., -110., 0. ], [ 230., -110., 0. ], [
       230., -10., 0. ], [ 130., -10., 0. ] ] }
   - { id:33, corners:[ [ -230., 10., 0. ], [ -130., 10., 0. ], [ -130.,
       110., 0. ], [ -230., 110., 0. ] ] }
   - { id:32, corners:[ [ -110., 10., 0. ], [ -10., 10., 0. ], [ -10.,
       110., 0. ], [ -110., 110., 0. ] ] }
   - { id:31, corners:[ [ 10., 10., 0. ], [ 110., 10., 0. ], [ 110.,
       110., 0. ], [ 10., 110., 0. ] ] }
   - { id:30, corners:[ [ 130., 10., 0. ], [ 230., 10., 0. ], [ 230.,
       110., 0. ], [ 130., 110., 0. ] ] }
   - { id:42, corners:[ [ -230., 130., 0. ], [ -130., 130., 0. ], [
       -130., 230., 0. ], [ -230., 230., 0. ] ] }
   - { id:41, corners:[ [ -110., 130., 0. ], [ -10., 130., 0. ], [ -10.,
       230., 0. ], [ -110., 230., 0. ] ] }
   - { id:40, corners:[ [ 10., 130., 0. ], [ 110., 130., 0. ], [ 110.,
       230., 0. ], [ 10., 230., 0. ] ] }
   - { id:39, corners:[ [ 130., 130., 0. ], [ 230., 130., 0. ], [ 230.,
       230., 0. ], [ 130., 230., 0. ] ] }
   - { id:51, corners:[ [ -230., 250., 0. ], [ -130., 250., 0. ], [
       -130., 350., 0. ], [ -230., 350., 0. ] ] }
   - { id:50, corners:[ [ -110., 250., 0. ], [ -10., 250., 0. ], [ -10.,
       350., 0. ], [ -110., 350., 0. ] ] }
   - { id:49, corners:[ [ 10., 250., 0. ], [ 110., 250., 0. ], [ 110.,
       350., 0. ], [ 10., 350., 0. ] ] }
   - { id:48, corners:[ [ 130., 250., 0. ], [ 230., 250., 0. ], [ 230.,
       350., 0. ], [ 130., 350., 0. ] ] }
