%YAML:1.0
aruco_bc_nmarkers: 108
aruco_bc_mInfoType: 1
aruco_bc_markers:
   - { id:0, corners:[ [ -0.055, 0.055, 0 ], [ -0.055, -0.055, 0 ],
     [ 0.055, -0.055, 0 ], [ 0.055, 0.055, 0 ] ] }
   - { id:1, corners:[ [ -0.055, 0.265, 0 ], [ -0.055, 0.155, 0 ],
     [ 0.055, 0.155, 0 ], [ 0.055, 0.265, 0 ] ] }
   - { id:2, corners:[ [ -0.055, 0.475, 0 ], [ -0.055, 0.365, 0 ],
     [ 0.055, 0.365, 0 ], [ 0.055, 0.475, 0 ] ] }
   - { id:3, corners:[ [ -0.055, 0.685, 0 ], [ -0.055, 0.575, 0 ],
     [ 0.055, 0.575, 0 ], [ 0.055, 0.685, 0 ] ] }
   - { id:4, corners:[ [ -0.055, 0.895, 0 ], [ -0.055, 0.785, 0 ],
     [ 0.055, 0.785, 0 ], [ 0.055, 0.895, 0 ] ] }
   - { id:5, corners:[ [ -0.055, 1.105, 0 ], [ -0.055, 0.995, 0 ],
     [ 0.055, 0.995, 0 ], [ 0.055, 1.105, 0 ] ] }
   - { id:6, corners:[ [ -0.055, 1.315, 0 ], [ -0.055, 1.205, 0 ],
     [ 0.055, 1.205, 0 ], [ 0.055, 1.315, 0 ] ] }
   - { id:7, corners:[ [ -0.055, 1.525, 0 ], [ -0.055, 1.415, 0 ],
     [ 0.055, 1.415, 0 ], [ 0.055, 1.525, 0 ] ] }
   - { id:8, corners:[ [ -0.055, 1.735, 0 ], [ -0.055, 1.625, 0 ],
     [ 0.055, 1.625, 0 ], [ 0.055, 1.735, 0 ] ] }
   - { id:9, corners:[ [ 0.155, 0.055, 0 ], [ 0.155, -0.055, 0 ],
     [ 0.265, -0.055, 0 ], [ 0.265, 0.055, 0 ] ] }
   - { id:10, corners:[ [ 0.155, 0.265, 0 ], [ 0.155, 0.155, 0 ],
     [ 0.265, 0.155, 0 ], [ 0.265, 0.265, 0 ] ] }
   - { id:11, corners:[ [ 0.155, 0.475, 0 ], [ 0.155, 0.365, 0 ],
     [ 0.265, 0.365, 0 ], [ 0.265, 0.475, 0 ] ] }
   - { id:12, corners:[ [ 0.155, 0.685, 0 ], [ 0.155, 0.575, 0 ],
     [ 0.265, 0.575, 0 ], [ 0.265, 0.685, 0 ] ] }
   - { id:13, corners:[ [ 0.155, 0.895, 0 ], [ 0.155, 0.785, 0 ],
     [ 0.265, 0.785, 0 ], [ 0.265, 0.895, 0 ] ] }
   - { id:14, corners:[ [ 0.155, 1.105, 0 ], [ 0.155, 0.995, 0 ],
     [ 0.265, 0.995, 0 ], [ 0.265, 1.105, 0 ] ] }
   - { id:15, corners:[ [ 0.155, 1.315, 0 ], [ 0.155, 1.205, 0 ],
     [ 0.265, 1.205, 0 ], [ 0.265, 1.315, 0 ] ] }
   - { id:16, corners:[ [ 0.155, 1.525, 0 ], [ 0.155, 1.415, 0 ],
     [ 0.265, 1.415, 0 ], [ 0.265, 1.525, 0 ] ] }
   - { id:17, corners:[ [ 0.155, 1.735, 0 ], [ 0.155, 1.625, 0 ],
     [ 0.265, 1.625, 0 ], [ 0.265, 1.735, 0 ] ] }
   - { id:18, corners:[ [ 0.365, 0.055, 0 ], [ 0.365, -0.055, 0 ],
     [ 0.475, -0.055, 0 ], [ 0.475, 0.055, 0 ] ] }
   - { id:19, corners:[ [ 0.365, 0.265, 0 ], [ 0.365, 0.155, 0 ],
     [ 0.475, 0.155, 0 ], [ 0.475, 0.265, 0 ] ] }
   - { id:20, corners:[ [ 0.365, 0.475, 0 ], [ 0.365, 0.365, 0 ],
     [ 0.475, 0.365, 0 ], [ 0.475, 0.475, 0 ] ] }
   - { id:21, corners:[ [ 0.365, 0.685, 0 ], [ 0.365, 0.575, 0 ],
     [ 0.475, 0.575, 0 ], [ 0.475, 0.685, 0 ] ] }
   - { id:22, corners:[ [ 0.365, 0.895, 0 ], [ 0.365, 0.785, 0 ],
     [ 0.475, 0.785, 0 ], [ 0.475, 0.895, 0 ] ] }
   - { id:23, corners:[ [ 0.365, 1.105, 0 ], [ 0.365, 0.995, 0 ],
     [ 0.475, 0.995, 0 ], [ 0.475, 1.105, 0 ] ] }
   - { id:24, corners:[ [ 0.365, 1.315, 0 ], [ 0.365, 1.205, 0 ],
     [ 0.475, 1.205, 0 ], [ 0.475, 1.315, 0 ] ] }
   - { id:25, corners:[ [ 0.365, 1.525, 0 ], [ 0.365, 1.415, 0 ],
     [ 0.475, 1.415, 0 ], [ 0.475, 1.525, 0 ] ] }
   - { id:26, corners:[ [ 0.365, 1.735, 0 ], [ 0.365, 1.625, 0 ],
     [ 0.475, 1.625, 0 ], [ 0.475, 1.735, 0 ] ] }
   - { id:27, corners:[ [ 0.575, 0.055, 0 ], [ 0.575, -0.055, 0 ],
     [ 0.685, -0.055, 0 ], [ 0.685, 0.055, 0 ] ] }
   - { id:28, corners:[ [ 0.575, 0.265, 0 ], [ 0.575, 0.155, 0 ],
     [ 0.685, 0.155, 0 ], [ 0.685, 0.265, 0 ] ] }
   - { id:29, corners:[ [ 0.575, 0.475, 0 ], [ 0.575, 0.365, 0 ],
     [ 0.685, 0.365, 0 ], [ 0.685, 0.475, 0 ] ] }
   - { id:30, corners:[ [ 0.575, 0.685, 0 ], [ 0.575, 0.575, 0 ],
     [ 0.685, 0.575, 0 ], [ 0.685, 0.685, 0 ] ] }
   - { id:31, corners:[ [ 0.575, 0.895, 0 ], [ 0.575, 0.785, 0 ],
     [ 0.685, 0.785, 0 ], [ 0.685, 0.895, 0 ] ] }
   - { id:32, corners:[ [ 0.575, 1.105, 0 ], [ 0.575, 0.995, 0 ],
     [ 0.685, 0.995, 0 ], [ 0.685, 1.105, 0 ] ] }
   - { id:33, corners:[ [ 0.575, 1.315, 0 ], [ 0.575, 1.205, 0 ],
     [ 0.685, 1.205, 0 ], [ 0.685, 1.315, 0 ] ] }
   - { id:34, corners:[ [ 0.575, 1.525, 0 ], [ 0.575, 1.415, 0 ],
     [ 0.685, 1.415, 0 ], [ 0.685, 1.525, 0 ] ] }
   - { id:35, corners:[ [ 0.575, 1.735, 0 ], [ 0.575, 1.625, 0 ],
     [ 0.685, 1.625, 0 ], [ 0.685, 1.735, 0 ] ] }
   - { id:36, corners:[ [ 0.785, 0.055, 0 ], [ 0.785, -0.055, 0 ],
     [ 0.895, -0.055, 0 ], [ 0.895, 0.055, 0 ] ] }
   - { id:37, corners:[ [ 0.785, 0.265, 0 ], [ 0.785, 0.155, 0 ],
     [ 0.895, 0.155, 0 ], [ 0.895, 0.265, 0 ] ] }
   - { id:38, corners:[ [ 0.785, 0.475, 0 ], [ 0.785, 0.365, 0 ],
     [ 0.895, 0.365, 0 ], [ 0.895, 0.475, 0 ] ] }
   - { id:39, corners:[ [ 0.785, 0.685, 0 ], [ 0.785, 0.575, 0 ],
     [ 0.895, 0.575, 0 ], [ 0.895, 0.685, 0 ] ] }
   - { id:40, corners:[ [ 0.785, 0.895, 0 ], [ 0.785, 0.785, 0 ],
     [ 0.895, 0.785, 0 ], [ 0.895, 0.895, 0 ] ] }
   - { id:41, corners:[ [ 0.785, 1.105, 0 ], [ 0.785, 0.995, 0 ],
     [ 0.895, 0.995, 0 ], [ 0.895, 1.105, 0 ] ] }
   - { id:42, corners:[ [ 0.785, 1.315, 0 ], [ 0.785, 1.205, 0 ],
     [ 0.895, 1.205, 0 ], [ 0.895, 1.315, 0 ] ] }
   - { id:43, corners:[ [ 0.785, 1.525, 0 ], [ 0.785, 1.415, 0 ],
     [ 0.895, 1.415, 0 ], [ 0.895, 1.525, 0 ] ] }
   - { id:44, corners:[ [ 0.785, 1.735, 0 ], [ 0.785, 1.625, 0 ],
     [ 0.895, 1.625, 0 ], [ 0.895, 1.735, 0 ] ] }
   - { id:45, corners:[ [ 0.995, 0.055, 0 ], [ 0.995, -0.055, 0 ],
     [ 1.105, -0.055, 0 ], [ 1.105, 0.055, 0 ] ] }
   - { id:46, corners:[ [ 0.995, 0.265, 0 ], [ 0.995, 0.155, 0 ],
     [ 1.105, 0.155, 0 ], [ 1.105, 0.265, 0 ] ] }
   - { id:47, corners:[ [ 0.995, 0.475, 0 ], [ 0.995, 0.365, 0 ],
     [ 1.105, 0.365, 0 ], [ 1.105, 0.475, 0 ] ] }
   - { id:48, corners:[ [ 0.995, 0.685, 0 ], [ 0.995, 0.575, 0 ],
     [ 1.105, 0.575, 0 ], [ 1.105, 0.685, 0 ] ] }
   - { id:49, corners:[ [ 0.995, 0.895, 0 ], [ 0.995, 0.785, 0 ],
     [ 1.105, 0.785, 0 ], [ 1.105, 0.895, 0 ] ] }
   - { id:50, corners:[ [ 0.995, 1.105, 0 ], [ 0.995, 0.995, 0 ],
     [ 1.105, 0.995, 0 ], [ 1.105, 1.105, 0 ] ] }
   - { id:51, corners:[ [ 0.995, 1.315, 0 ], [ 0.995, 1.205, 0 ],
     [ 1.105, 1.205, 0 ], [ 1.105, 1.315, 0 ] ] }
   - { id:52, corners:[ [ 0.995, 1.525, 0 ], [ 0.995, 1.415, 0 ],
     [ 1.105, 1.415, 0 ], [ 1.105, 1.525, 0 ] ] }
   - { id:53, corners:[ [ 0.995, 1.735, 0 ], [ 0.995, 1.625, 0 ],
     [ 1.105, 1.625, 0 ], [ 1.105, 1.735, 0 ] ] }
   - { id:54, corners:[ [ 1.205, 0.055, 0 ], [ 1.205, -0.055, 0 ],
     [ 1.315, -0.055, 0 ], [ 1.315, 0.055, 0 ] ] }
   - { id:55, corners:[ [ 1.205, 0.265, 0 ], [ 1.205, 0.155, 0 ],
     [ 1.315, 0.155, 0 ], [ 1.315, 0.265, 0 ] ] }
   - { id:56, corners:[ [ 1.205, 0.475, 0 ], [ 1.205, 0.365, 0 ],
     [ 1.315, 0.365, 0 ], [ 1.315, 0.475, 0 ] ] }
   - { id:57, corners:[ [ 1.205, 0.685, 0 ], [ 1.205, 0.575, 0 ],
     [ 1.315, 0.575, 0 ], [ 1.315, 0.685, 0 ] ] }
   - { id:58, corners:[ [ 1.205, 0.895, 0 ], [ 1.205, 0.785, 0 ],
     [ 1.315, 0.785, 0 ], [ 1.315, 0.895, 0 ] ] }
   - { id:59, corners:[ [ 1.205, 1.105, 0 ], [ 1.205, 0.995, 0 ],
     [ 1.315, 0.995, 0 ], [ 1.315, 1.105, 0 ] ] }
   - { id:60, corners:[ [ 1.205, 1.315, 0 ], [ 1.205, 1.205, 0 ],
     [ 1.315, 1.205, 0 ], [ 1.315, 1.315, 0 ] ] }
   - { id:61, corners:[ [ 1.205, 1.525, 0 ], [ 1.205, 1.415, 0 ],
     [ 1.315, 1.415, 0 ], [ 1.315, 1.525, 0 ] ] }
   - { id:62, corners:[ [ 1.205, 1.735, 0 ], [ 1.205, 1.625, 0 ],
     [ 1.315, 1.625, 0 ], [ 1.315, 1.735, 0 ] ] }
   - { id:63, corners:[ [ 1.415, 0.055, 0 ], [ 1.415, -0.055, 0 ],
     [ 1.525, -0.055, 0 ], [ 1.525, 0.055, 0 ] ] }
   - { id:64, corners:[ [ 1.415, 0.265, 0 ], [ 1.415, 0.155, 0 ],
     [ 1.525, 0.155, 0 ], [ 1.525, 0.265, 0 ] ] }
   - { id:65, corners:[ [ 1.415, 0.475, 0 ], [ 1.415, 0.365, 0 ],
     [ 1.525, 0.365, 0 ], [ 1.525, 0.475, 0 ] ] }
   - { id:66, corners:[ [ 1.415, 0.685, 0 ], [ 1.415, 0.575, 0 ],
