%YAML:1.0
aruco_bc_nmarkers: 288
aruco_bc_mInfoType: 1
aruco_bc_markers:
   - { id:15, corners:[ [ 0.075, 0, 0 ], [ 0.075, 0.075, 0 ],
     [ 0, 0.075, 0 ], [ 0, 0, 0 ] ] }
   - { id:14, corners:[ [ 0.075, 0.105, 0 ], [ 0.075, 0.18, 0 ],
     [ 0, 0.18, 0 ], [ 0, 0.105, 0 ] ] }
   - { id:13, corners:[ [ 0.075, 0.21, 0 ], [ 0.075, 0.285, 0 ],
     [ 0, 0.285, 0 ], [ 0, 0.21, 0 ] ] }
   - { id:12, corners:[ [ 0.075, 0.315, 0 ], [ 0.075, 0.39, 0 ],
     [ 0, 0.39, 0 ], [ 0, 0.315, 0 ] ] }
   - { id:11, corners:[ [ 0.075, 0.42, 0 ], [ 0.075, 0.495, 0 ],
     [ 0, 0.495, 0 ], [ 0, 0.42, 0 ] ] }
   - { id:10, corners:[ [ 0.075, 0.525, 0 ], [ 0.075, 0.6, 0 ],
     [ 0, 0.6, 0 ], [ 0, 0.525, 0 ] ] }
   - { id:9, corners:[ [ 0.075, 0.63, 0 ], [ 0.075, 0.705, 0 ],
     [ 0, 0.705, 0 ], [ 0, 0.63, 0 ] ] }
   - { id:8, corners:[ [ 0.075, 0.735, 0 ], [ 0.075, 0.81, 0 ],
     [ 0, 0.81, 0 ], [ 0, 0.735, 0 ] ] }
   - { id:7, corners:[ [ 0.075, 0.84, 0 ], [ 0.075, 0.915, 0 ],
     [ 0, 0.915, 0 ], [ 0, 0.84, 0 ] ] }
   - { id:6, corners:[ [ 0.075, 0.945, 0 ], [ 0.075, 1.02, 0 ],
     [ 0, 1.02, 0 ], [ 0, 0.945, 0 ] ] }
   - { id:5, corners:[ [ 0.075, 1.05, 0 ], [ 0.075, 1.125, 0 ],
     [ 0, 1.125, 0 ], [ 0, 1.05, 0 ] ] }
   - { id:4, corners:[ [ 0.075, 1.155, 0 ], [ 0.075, 1.23, 0 ],
     [ 0, 1.23, 0 ], [ 0, 1.155, 0 ] ] }
   - { id:3, corners:[ [ 0.075, 1.26, 0 ], [ 0.075, 1.335, 0 ],
     [ 0, 1.335, 0 ], [ 0, 1.26, 0 ] ] }
   - { id:2, corners:[ [ 0.075, 1.365, 0 ], [ 0.075, 1.44, 0 ],
     [ 0, 1.44, 0 ], [ 0, 1.365, 0 ] ] }
   - { id:1, corners:[ [ 0.075, 1.47, 0 ], [ 0.075, 1.545, 0 ],
     [ 0, 1.545, 0 ], [ 0, 1.47, 0 ] ] }
   - { id:0, corners:[ [ 0.075, 1.575, 0 ], [ 0.075, 1.65, 0 ],
     [ 0, 1.65, 0 ], [ 0, 1.575, 0 ] ] }
   - { id:31, corners:[ [ 0.18, 0, 0 ], [ 0.18, 0.075, 0 ],
     [ 0.105, 0.075, 0 ], [ 0.105, 0, 0 ] ] }
   - { id:30, corners:[ [ 0.18, 0.105, 0 ], [ 0.18, 0.18, 0 ],
     [ 0.105, 0.18, 0 ], [ 0.105, 0.105, 0 ] ] }
   - { id:29, corners:[ [ 0.18, 0.21, 0 ], [ 0.18, 0.285, 0 ],
     [ 0.105, 0.285, 0 ], [ 0.105, 0.21, 0 ] ] }
   - { id:28, corners:[ [ 0.18, 0.315, 0 ], [ 0.18, 0.39, 0 ],
     [ 0.105, 0.39, 0 ], [ 0.105, 0.315, 0 ] ] }
   - { id:27, corners:[ [ 0.18, 0.42, 0 ], [ 0.18, 0.495, 0 ],
     [ 0.105, 0.495, 0 ], [ 0.105, 0.42, 0 ] ] }
   - { id:26, corners:[ [ 0.18, 0.525, 0 ], [ 0.18, 0.6, 0 ],
     [ 0.105, 0.6, 0 ], [ 0.105, 0.525, 0 ] ] }
   - { id:25, corners:[ [ 0.18, 0.63, 0 ], [ 0.18, 0.705, 0 ],
     [ 0.105, 0.705, 0 ], [ 0.105, 0.63, 0 ] ] }
   - { id:24, corners:[ [ 0.18, 0.735, 0 ], [ 0.18, 0.81, 0 ],
     [ 0.105, 0.81, 0 ], [ 0.105, 0.735, 0 ] ] }
   - { id:23, corners:[ [ 0.18, 0.84, 0 ], [ 0.18, 0.915, 0 ],
     [ 0.105, 0.915, 0 ], [ 0.105, 0.84, 0 ] ] }
   - { id:22, corners:[ [ 0.18, 0.945, 0 ], [ 0.18, 1.02, 0 ],
     [ 0.105, 1.02, 0 ], [ 0.105, 0.945, 0 ] ] }
   - { id:21, corners:[ [ 0.18, 1.05, 0 ], [ 0.18, 1.125, 0 ],
     [ 0.105, 1.125, 0 ], [ 0.105, 1.05, 0 ] ] }
   - { id:20, corners:[ [ 0.18, 1.155, 0 ], [ 0.18, 1.23, 0 ],
     [ 0.105, 1.23, 0 ], [ 0.105, 1.155, 0 ] ] }
   - { id:19, corners:[ [ 0.18, 1.26, 0 ], [ 0.18, 1.335, 0 ],
     [ 0.105, 1.335, 0 ], [ 0.105, 1.26, 0 ] ] }
   - { id:18, corners:[ [ 0.18, 1.365, 0 ], [ 0.18, 1.44, 0 ],
     [ 0.105, 1.44, 0 ], [ 0.105, 1.365, 0 ] ] }
   - { id:17, corners:[ [ 0.18, 1.47, 0 ], [ 0.18, 1.545, 0 ],
     [ 0.105, 1.545, 0 ], [ 0.105, 1.47, 0 ] ] }
   - { id:16, corners:[ [ 0.18, 1.575, 0 ], [ 0.18, 1.65, 0 ],
     [ 0.105, 1.65, 0 ], [ 0.105, 1.575, 0 ] ] }
   - { id:47, corners:[ [ 0.285, 0, 0 ], [ 0.285, 0.075, 0 ],
     [ 0.21, 0.075, 0 ], [ 0.21, 0, 0 ] ] }
   - { id:46, corners:[ [ 0.285, 0.105, 0 ], [ 0.285, 0.18, 0 ],
     [ 0.21, 0.18, 0 ], [ 0.21, 0.105, 0 ] ] }
   - { id:45, corners:[ [ 0.285, 0.21, 0 ], [ 0.285, 0.285, 0 ],
     [ 0.21, 0.285, 0 ], [ 0.21, 0.21, 0 ] ] }
   - { id:44, corners:[ [ 0.285, 0.315, 0 ], [ 0.285, 0.39, 0 ],
     [ 0.21, 0.39, 0 ], [ 0.21, 0.315, 0 ] ] }
   - { id:43, corners:[ [ 0.285, 0.42, 0 ], [ 0.285, 0.495, 0 ],
     [ 0.21, 0.495, 0 ], [ 0.21, 0.42, 0 ] ] }
   - { id:42, corners:[ [ 0.285, 0.525, 0 ], [ 0.285, 0.6, 0 ],
     [ 0.21, 0.6, 0 ], [ 0.21, 0.525, 0 ] ] }
   - { id:41, corners:[ [ 0.285, 0.63, 0 ], [ 0.285, 0.705, 0 ],
     [ 0.21, 0.705, 0 ], [ 0.21, 0.63, 0 ] ] }
   - { id:40, corners:[ [ 0.285, 0.735, 0 ], [ 0.285, 0.81, 0 ],
     [ 0.21, 0.81, 0 ], [ 0.21, 0.735, 0 ] ] }
   - { id:39, corners:[ [ 0.285, 0.84, 0 ], [ 0.285, 0.915, 0 ],
     [ 0.21, 0.915, 0 ], [ 0.21, 0.84, 0 ] ] }
   - { id:38, corners:[ [ 0.285, 0.945, 0 ], [ 0.285, 1.02, 0 ],
     [ 0.21, 1.02, 0 ], [ 0.21, 0.945, 0 ] ] }
   - { id:37, corners:[ [ 0.285, 1.05, 0 ], [ 0.285, 1.125, 0 ],
     [ 0.21, 1.125, 0 ], [ 0.21, 1.05, 0 ] ] }
   - { id:36, corners:[ [ 0.285, 1.155, 0 ], [ 0.285, 1.23, 0 ],
     [ 0.21, 1.23, 0 ], [ 0.21, 1.155, 0 ] ] }
   - { id:35, corners:[ [ 0.285, 1.26, 0 ], [ 0.285, 1.335, 0 ],
     [ 0.21, 1.335, 0 ], [ 0.21, 1.26, 0 ] ] }
   - { id:34, corners:[ [ 0.285, 1.365, 0 ], [ 0.285, 1.44, 0 ],
     [ 0.21, 1.44, 0 ], [ 0.21, 1.365, 0 ] ] }
   - { id:33, corners:[ [ 0.285, 1.47, 0 ], [ 0.285, 1.545, 0 ],
     [ 0.21, 1.545, 0 ], [ 0.21, 1.47, 0 ] ] }
   - { id:32, corners:[ [ 0.285, 1.575, 0 ], [ 0.285, 1.65, 0 ],
     [ 0.21, 1.65, 0 ], [ 0.21, 1.575, 0 ] ] }
   - { id:63, corners:[ [ 0.39, 0, 0 ], [ 0.39, 0.075, 0 ],
     [ 0.315, 0.075, 0 ], [ 0.315, 0, 0 ] ] }
   - { id:62, corners:[ [ 0.39, 0.105, 0 ], [ 0.39, 0.18, 0 ],
     [ 0.315, 0.18, 0 ], [ 0.315, 0.105, 0 ] ] }
   - { id:61, corners:[ [ 0.39, 0.21, 0 ], [ 0.39, 0.285, 0 ],
     [ 0.315, 0.285, 0 ], [ 0.315, 0.21, 0 ] ] }
   - { id:60, corners:[ [ 0.39, 0.315, 0 ], [ 0.39, 0.39, 0 ],
     [ 0.315, 0.39, 0 ], [ 0.315, 0.315, 0 ] ] }
   - { id:59, corners:[ [ 0.39, 0.42, 0 ], [ 0.39, 0.495, 0 ],
     [ 0.315, 0.495, 0 ], [ 0.315, 0.42, 0 ] ] }
   - { id:58, corners:[ [ 0.39, 0.525, 0 ], [ 0.39, 0.6, 0 ],
     [ 0.315, 0.6, 0 ], [ 0.315, 0.525, 0 ] ] }
   - { id:57, corners:[ [ 0.39, 0.63, 0 ], [ 0.39, 0.705, 0 ],
     [ 0.315, 0.705, 0 ], [ 0.315, 0.63, 0 ] ] }
   - { id:56, corners:[ [ 0.39, 0.735, 0 ], [ 0.39, 0.81, 0 ],
     [ 0.315, 0.81, 0 ], [ 0.315, 0.735, 0 ] ] }
   - { id:55, corners:[ [ 0.39, 0.84, 0 ], [ 0.39, 0.915, 0 ],
     [ 0.315, 0.915, 0 ], [ 0.315, 0.84, 0 ] ] }
   - { id:54, corners:[ [ 0.39, 0.945, 0 ], [ 0.39, 1.02, 0 ],
     [ 0.315, 1.02, 0 ], [ 0.315, 0.945, 0 ] ] }
   - { id:53, corners:[ [ 0.39, 1.05, 0 ], [ 0.39, 1.125, 0 ],
     [ 0.315, 1.125, 0 ], [ 0.315, 1.05, 0 ] ] }
   - { id:52, corners:[ [ 0.39, 1.155, 0 ], [ 0.39, 1.23, 0 ],
     [ 0.315, 1.23, 0 ], [ 0.315, 1.155, 0 ] ] }
   - { id:51, corners:[ [ 0.39, 1.26, 0 ], [ 0.39, 1.335, 0 ],
     [ 0.315, 1.335, 0 ], [ 0.315, 1.26, 0 ] ] }
   - { id:50, corners:[ [ 0.39, 1.365, 0 ], [ 0.39, 1.44, 0 ],
     [ 0.315, 1.44, 0 ], [ 0.315, 1.365, 0 ] ] }
   - { id:49, corners:[ [ 0.39, 1.47, 0 ], [ 0.39, 1.545, 0 ],
     [ 0.315, 1.545, 0 ], [ 0.315, 1.47, 0 ] ] }
   - { id:48, corners:[ [ 0.39, 1.575, 0 ], [ 0.39, 1.65, 0 ],
     [ 0.315, 1.65, 0 ], [ 0.315, 1.575, 0 ] ] }
   - { id:79, corners:[ [ 0.495, 0, 0 ], [ 0.495, 0.075, 0 ],
     [ 0.42, 0.075, 0 ], [ 0.42, 0, 0 ] ] }
   - { id:78, corners:[ [ 0.495, 0.105, 0 ], [ 0.495, 0.18, 0 ],
     [ 0.42, 0.18, 0 ], [ 0.42, 0.105, 0 ] ] }
   - { id:77, corners:[ [ 0.495, 0.21, 0 ], [ 0.495, 0.285, 0 ],
     [ 0.42, 0.285, 0 ], [ 0.42, 0.21, 0 ] ] }
   - { id:76, corners:[ [ 0.495, 0.315, 0 ], [ 0.495, 0.39, 0 ],
     [ 0.42, 0.39, 0 ], [ 0.42, 0.315, 0 ] ] }
   - { id:75, corners:[ [ 0.495, 0.42, 0 ], [ 0.495, 0.495, 0 ],
     [ 0.42, 0.495, 0 ], [ 0.42, 0.42, 0 ] ] }
   - { id:74, corners:[ [ 0.495, 0.525, 0 ], [ 0.495, 0.6, 0 ],
     [ 0.42, 0.6, 0 ], [ 0.42, 0.525, 0 ] ] }
   - { id:73, corners:[ [ 0.495, 0.63, 0 ], [ 0.495, 0.705, 0 ],
