%YAML:1.0
aruco_bc_nmarkers: 108
aruco_bc_mInfoType: 1
aruco_bc_markers:
   - { id:8, corners:[ [ 0.11, 0.11, 0 ], [ 0.11, 0, 0 ],
     [ 0, 0, 0 ], [ 0, 0.11, 0 ] ] }
   - { id:7, corners:[ [ 0.32, 0.11, 0 ], [ 0.32, 0, 0 ],
     [ 0.21, 0, 0 ], [ 0.21, 0.11, 0 ] ] }
   - { id:6, corners:[ [ 0.53, 0.11, 0 ], [ 0.53, 0, 0 ],
     [ 0.42, 0, 0 ], [ 0.42, 0.11, 0 ] ] }
   - { id:5, corners:[ [ 0.74, 0.11, 0 ], [ 0.74, 0, 0 ],
     [ 0.63, 0, 0 ], [ 0.63, 0.11, 0 ] ] }
   - { id:4, corners:[ [ 0.95, 0.11, 0 ], [ 0.95, 0, 0 ],
     [ 0.84, 0, 0 ], [ 0.84, 0.11, 0 ] ] }
   - { id:3, corners:[ [ 1.16, 0.11, 0 ], [ 1.16, 0, 0 ],
     [ 1.05, 0, 0 ], [ 1.05, 0.11, 0 ] ] }
   - { id:2, corners:[ [ 1.37, 0.11, 0 ], [ 1.37, 0, 0 ],
     [ 1.26, 0, 0 ], [ 1.26, 0.11, 0 ] ] }
   - { id:1, corners:[ [ 1.58, 0.11, 0 ], [ 1.58, 0, 0 ],
     [ 1.47, 0, 0 ], [ 1.47, 0.11, 0 ] ] }
   - { id:0, corners:[ [ 1.79, 0.11, 0 ], [ 1.79, 0, 0 ],
     [ 1.68, 0, 0 ], [ 1.68, 0.11, 0 ] ] }
   - { id:17, corners:[ [ 0.11, 0.32, 0 ], [ 0.11, 0.21, 0 ],
     [ 0, 0.21, 0 ], [ 0, 0.32, 0 ] ] }
   - { id:16, corners:[ [ 0.32, 0.32, 0 ], [ 0.32, 0.21, 0 ],
     [ 0.21, 0.21, 0 ], [ 0.21, 0.32, 0 ] ] }
   - { id:15, corners:[ [ 0.53, 0.32, 0 ], [ 0.53, 0.21, 0 ],
     [ 0.42, 0.21, 0 ], [ 0.42, 0.32, 0 ] ] }
   - { id:14, corners:[ [ 0.74, 0.32, 0 ], [ 0.74, 0.21, 0 ],
     [ 0.63, 0.21, 0 ], [ 0.63, 0.32, 0 ] ] }
   - { id:13, corners:[ [ 0.95, 0.32, 0 ], [ 0.95, 0.21, 0 ],
     [ 0.84, 0.21, 0 ], [ 0.84, 0.32, 0 ] ] }
   - { id:12, corners:[ [ 1.16, 0.32, 0 ], [ 1.16, 0.21, 0 ],
     [ 1.05, 0.21, 0 ], [ 1.05, 0.32, 0 ] ] }
   - { id:11, corners:[ [ 1.37, 0.32, 0 ], [ 1.37, 0.21, 0 ],
     [ 1.26, 0.21, 0 ], [ 1.26, 0.32, 0 ] ] }
   - { id:10, corners:[ [ 1.58, 0.32, 0 ], [ 1.58, 0.21, 0 ],
     [ 1.47, 0.21, 0 ], [ 1.47, 0.32, 0 ] ] }
   - { id:9, corners:[ [ 1.79, 0.32, 0 ], [ 1.79, 0.21, 0 ],
     [ 1.68, 0.21, 0 ], [ 1.68, 0.32, 0 ] ] }
   - { id:26, corners:[ [ 0.11, 0.53, 0 ], [ 0.11, 0.42, 0 ],
     [ 0, 0.42, 0 ], [ 0, 0.53, 0 ] ] }
   - { id:25, corners:[ [ 0.32, 0.53, 0 ], [ 0.32, 0.42, 0 ],
     [ 0.21, 0.42, 0 ], [ 0.21, 0.53, 0 ] ] }
   - { id:24, corners:[ [ 0.53, 0.53, 0 ], [ 0.53, 0.42, 0 ],
     [ 0.42, 0.42, 0 ], [ 0.42, 0.53, 0 ] ] }
   - { id:23, corners:[ [ 0.74, 0.53, 0 ], [ 0.74, 0.42, 0 ],
     [ 0.63, 0.42, 0 ], [ 0.63, 0.53, 0 ] ] }
   - { id:22, corners:[ [ 0.95, 0.53, 0 ], [ 0.95, 0.42, 0 ],
     [ 0.84, 0.42, 0 ], [ 0.84, 0.53, 0 ] ] }
   - { id:21, corners:[ [ 1.16, 0.53, 0 ], [ 1.16, 0.42, 0 ],
     [ 1.05, 0.42, 0 ], [ 1.05, 0.53, 0 ] ] }
   - { id:20, corners:[ [ 1.37, 0.53, 0 ], [ 1.37, 0.42, 0 ],
     [ 1.26, 0.42, 0 ], [ 1.26, 0.53, 0 ] ] }
   - { id:19, corners:[ [ 1.58, 0.53, 0 ], [ 1.58, 0.42, 0 ],
     [ 1.47, 0.42, 0 ], [ 1.47, 0.53, 0 ] ] }
   - { id:18, corners:[ [ 1.79, 0.53, 0 ], [ 1.79, 0.42, 0 ],
     [ 1.68, 0.42, 0 ], [ 1.68, 0.53, 0 ] ] }
   - { id:35, corners:[ [ 0.11, 0.74, 0 ], [ 0.11, 0.63, 0 ],
     [ 0, 0.63, 0 ], [ 0, 0.74, 0 ] ] }
   - { id:34, corners:[ [ 0.32, 0.74, 0 ], [ 0.32, 0.63, 0 ],
     [ 0.21, 0.63, 0 ], [ 0.21, 0.74, 0 ] ] }
   - { id:33, corners:[ [ 0.53, 0.74, 0 ], [ 0.53, 0.63, 0 ],
     [ 0.42, 0.63, 0 ], [ 0.42, 0.74, 0 ] ] }
   - { id:32, corners:[ [ 0.74, 0.74, 0 ], [ 0.74, 0.63, 0 ],
     [ 0.63, 0.63, 0 ], [ 0.63, 0.74, 0 ] ] }
   - { id:31, corners:[ [ 0.95, 0.74, 0 ], [ 0.95, 0.63, 0 ],
     [ 0.84, 0.63, 0 ], [ 0.84, 0.74, 0 ] ] }
   - { id:30, corners:[ [ 1.16, 0.74, 0 ], [ 1.16, 0.63, 0 ],
     [ 1.05, 0.63, 0 ], [ 1.05, 0.74, 0 ] ] }
   - { id:29, corners:[ [ 1.37, 0.74, 0 ], [ 1.37, 0.63, 0 ],
     [ 1.26, 0.63, 0 ], [ 1.26, 0.74, 0 ] ] }
   - { id:28, corners:[ [ 1.58, 0.74, 0 ], [ 1.58, 0.63, 0 ],
     [ 1.47, 0.63, 0 ], [ 1.47, 0.74, 0 ] ] }
   - { id:27, corners:[ [ 1.79, 0.74, 0 ], [ 1.79, 0.63, 0 ],
     [ 1.68, 0.63, 0 ], [ 1.68, 0.74, 0 ] ] }
   - { id:44, corners:[ [ 0.11, 0.95, 0 ], [ 0.11, 0.84, 0 ],
     [ 0, 0.84, 0 ], [ 0, 0.95, 0 ] ] }
   - { id:43, corners:[ [ 0.32, 0.95, 0 ], [ 0.32, 0.84, 0 ],
     [ 0.21, 0.84, 0 ], [ 0.21, 0.95, 0 ] ] }
   - { id:42, corners:[ [ 0.53, 0.95, 0 ], [ 0.53, 0.84, 0 ],
     [ 0.42, 0.84, 0 ], [ 0.42, 0.95, 0 ] ] }
   - { id:41, corners:[ [ 0.74, 0.95, 0 ], [ 0.74, 0.84, 0 ],
     [ 0.63, 0.84, 0 ], [ 0.63, 0.95, 0 ] ] }
   - { id:40, corners:[ [ 0.95, 0.95, 0 ], [ 0.95, 0.84, 0 ],
     [ 0.84, 0.84, 0 ], [ 0.84, 0.95, 0 ] ] }
   - { id:39, corners:[ [ 1.16, 0.95, 0 ], [ 1.16, 0.84, 0 ],
     [ 1.05, 0.84, 0 ], [ 1.05, 0.95, 0 ] ] }
   - { id:38, corners:[ [ 1.37, 0.95, 0 ], [ 1.37, 0.84, 0 ],
     [ 1.26, 0.84, 0 ], [ 1.26, 0.95, 0 ] ] }
   - { id:37, corners:[ [ 1.58, 0.95, 0 ], [ 1.58, 0.84, 0 ],
     [ 1.47, 0.84, 0 ], [ 1.47, 0.95, 0 ] ] }
   - { id:36, corners:[ [ 1.79, 0.95, 0 ], [ 1.79, 0.84, 0 ],
     [ 1.68, 0.84, 0 ], [ 1.68, 0.95, 0 ] ] }
   - { id:53, corners:[ [ 0.11, 1.16, 0 ], [ 0.11, 1.05, 0 ],
     [ 0, 1.05, 0 ], [ 0, 1.16, 0 ] ] }
   - { id:52, corners:[ [ 0.32, 1.16, 0 ], [ 0.32, 1.05, 0 ],
     [ 0.21, 1.05, 0 ], [ 0.21, 1.16, 0 ] ] }
   - { id:51, corners:[ [ 0.53, 1.16, 0 ], [ 0.53, 1.05, 0 ],
     [ 0.42, 1.05, 0 ], [ 0.42, 1.16, 0 ] ] }
   - { id:50, corners:[ [ 0.74, 1.16, 0 ], [ 0.74, 1.05, 0 ],
     [ 0.63, 1.05, 0 ], [ 0.63, 1.16, 0 ] ] }
   - { id:49, corners:[ [ 0.95, 1.16, 0 ], [ 0.95, 1.05, 0 ],
     [ 0.84, 1.05, 0 ], [ 0.84, 1.16, 0 ] ] }
   - { id:48, corners:[ [ 1.16, 1.16, 0 ], [ 1.16, 1.05, 0 ],
     [ 1.05, 1.05, 0 ], [ 1.05, 1.16, 0 ] ] }
   - { id:47, corners:[ [ 1.37, 1.16, 0 ], [ 1.37, 1.05, 0 ],
     [ 1.26, 1.05, 0 ], [ 1.26, 1.16, 0 ] ] }
   - { id:46, corners:[ [ 1.58, 1.16, 0 ], [ 1.58, 1.05, 0 ],
     [ 1.47, 1.05, 0 ], [ 1.47, 1.16, 0 ] ] }
   - { id:45, corners:[ [ 1.79, 1.16, 0 ], [ 1.79, 1.05, 0 ],
     [ 1.68, 1.05, 0 ], [ 1.68, 1.16, 0 ] ] }
   - { id:62, corners:[ [ 0.11, 1.37, 0 ], [ 0.11, 1.26, 0 ],
     [ 0, 1.26, 0 ], [ 0, 1.37, 0 ] ] }
   - { id:61, corners:[ [ 0.32, 1.37, 0 ], [ 0.32, 1.26, 0 ],
     [ 0.21, 1.26, 0 ], [ 0.21, 1.37, 0 ] ] }
   - { id:60, corners:[ [ 0.53, 1.37, 0 ], [ 0.53, 1.26, 0 ],
     [ 0.42, 1.26, 0 ], [ 0.42, 1.37, 0 ] ] }
   - { id:59, corners:[ [ 0.74, 1.37, 0 ], [ 0.74, 1.26, 0 ],
     [ 0.63, 1.26, 0 ], [ 0.63, 1.37, 0 ] ] }
   - { id:58, corners:[ [ 0.95, 1.37, 0 ], [ 0.95, 1.26, 0 ],
     [ 0.84, 1.26, 0 ], [ 0.84, 1.37, 0 ] ] }
   - { id:57, corners:[ [ 1.16, 1.37, 0 ], [ 1.16, 1.26, 0 ],
     [ 1.05, 1.26, 0 ], [ 1.05, 1.37, 0 ] ] }
   - { id:56, corners:[ [ 1.37, 1.37, 0 ], [ 1.37, 1.26, 0 ],
     [ 1.26, 1.26, 0 ], [ 1.26, 1.37, 0 ] ] }
   - { id:55, corners:[ [ 1.58, 1.37, 0 ], [ 1.58, 1.26, 0 ],
     [ 1.47, 1.26, 0 ], [ 1.47, 1.37, 0 ] ] }
   - { id:54, corners:[ [ 1.79, 1.37, 0 ], [ 1.79, 1.26, 0 ],
     [ 1.68, 1.26, 0 ], [ 1.68, 1.37, 0 ] ] }
   - { id:71, corners:[ [ 0.11, 1.58, 0 ], [ 0.11, 1.47, 0 ],
     [ 0, 1.47, 0 ], [ 0, 1.58, 0 ] ] }
   - { id:70, corners:[ [ 0.32, 1.58, 0 ], [ 0.32, 1.47, 0 ],
     [ 0.21, 1.47, 0 ], [ 0.21, 1.58, 0 ] ] }
   - { id:69, corners:[ [ 0.53, 1.58, 0 ], [ 0.53, 1.47, 0 ],
     [ 0.42, 1.47, 0 ], [ 0.42, 1.58, 0 ] ] }
   - { id:68, corners:[ [ 0.74, 1.58, 0 ], [ 0.74, 1.47, 0 ],
     [ 0.63, 1.47, 0 ], [ 0.63, 1.58, 0 ] ] }
   - { id:67, corners:[ [ 0.95, 1.58, 0 ], [ 0.95, 1.47, 0 ],
     [ 0.84, 1.47, 0 ], [ 0.84, 1.58, 0 ] ] }
   - { id:66, corners:[ [ 1.16, 1.58, 0 ], [ 1.16, 1.47, 0 ],
     [ 1.05, 1.47, 0 ], [ 1.05, 1.58, 0 ] ] }
   - { id:65, corners:[ [ 1.37, 1.58, 0 ], [ 1.37, 1.47, 0 ],
     [ 1.26, 1.47, 0 ], [ 1.26, 1.58, 0 ] ] }
   - { id:64, corners:[ [ 1.58, 1.58, 0 ], [ 1.58, 1.47, 0 ],
     [ 1.47, 1.47, 0 ], [ 1.47, 1.58, 0 ] ] }
   - { id:63, corners:[ [ 1.79, 1.58, 0 ], [ 1.79, 1.47, 0 ],
     [ 1.68, 1.47, 0 ], [ 1.68, 1.58, 0 ] ] }
   - { id:80, corners:[ [ 0.11, 1.79, 0 ], [ 0.11, 1.68, 0 ],
     [ 0, 1.68, 0 ], [ 0, 1.79, 0 ] ] }
