# oST version 5.0 parameters

[image]

width
1920

height
1080

[camera]

camera matrix
1413.4798583984375 0.0 974.6331176757812
0.0 1416.075439453125 550.8251342773438
0.0 0.0 1.0

distortion
-0.07658815383911133 0.03904685750603676 -0.0006405964959412813 0.0011796025792136788 0.0

rectification
1.000000 0.000000 0.000000
0.000000 1.000000 0.000000
0.000000 0.000000 1.000000

projection
1413.4798583984375 0.0 974.6331176757812 0.0
0.0 1416.075439453125 550.8251342773438 0.0
0.0 0.0 1.0 0.0
